933 2950
0 546 49500 1
1 547 49500 1
2 548 49500 1
3 549 49500 1
4 550 49500 1
5 551 49500 1
6 552 49500 1
7 553 49500 1
8 554 49500 1
9 555 49500 1
10 556 49500 1
11 557 49500 1
12 558 49500 1
13 559 49500 1
14 560 49500 1
15 561 49500 1
16 562 49500 1
17 563 49500 1
18 564 49500 1
19 565 49500 1
20 566 49500 1
21 567 49500 1
22 568 49500 1
23 569 49500 1
24 570 49500 1
25 571 49500 1
26 572 49500 1
27 573 49500 1
28 574 49500 1
29 575 49500 1
30 576 49500 1
31 577 49500 1
32 578 49500 1
33 579 49500 1
34 580 49500 1
35 581 49500 1
36 582 49500 1
37 583 49500 1
38 584 49500 1
39 585 49500 1
40 586 49500 1
41 587 49500 1
42 588 49500 1
43 589 49500 1
44 590 49500 1
45 591 49500 1
46 592 49500 1
47 593 49500 1
48 594 49500 1
49 595 49500 1
50 596 49500 1
51 597 49500 1
52 598 49500 1
53 599 49500 1
54 600 49500 1
55 601 49500 1
56 602 49500 1
57 603 49500 1
58 604 49500 1
59 605 49500 1
60 606 49500 1
61 607 49500 1
62 608 49500 1
63 609 49500 1
64 610 49500 1
65 611 49500 1
66 612 49500 1
67 613 49500 1
68 614 49500 1
69 615 49500 1
70 616 49500 1
71 617 49500 1
72 618 49500 1
73 619 49500 1
74 620 49500 1
75 621 49500 1
76 622 49500 1
77 623 49500 1
78 624 49500 1
79 625 49500 1
80 626 49500 1
81 627 49500 1
82 628 49500 1
83 629 49500 1
84 630 49500 1
85 631 49500 1
86 632 49500 1
87 633 49500 1
88 634 49500 1
89 635 49500 1
90 636 49500 1
91 637 49500 1
92 638 49500 1
93 639 49500 1
94 640 49500 1
95 641 49500 1
96 642 49500 1
97 643 49500 1
98 644 49500 1
99 645 49500 1
100 646 49500 1
101 647 49500 1
102 648 49500 1
103 649 49500 1
104 650 49500 1
105 651 49500 1
106 652 49500 1
107 653 49500 1
108 654 49500 1
109 655 49500 1
110 656 49500 1
111 657 49500 1
112 658 49500 1
113 659 49500 1
114 660 49500 1
115 661 49500 1
116 662 49500 1
117 663 49500 1
118 664 49500 1
119 665 49500 1
120 666 49500 1
121 667 49500 1
122 668 49500 1
123 669 49500 1
124 670 49500 1
125 671 49500 1
126 672 49500 1
127 673 49500 1
128 674 49500 1
129 675 49500 1
130 676 49500 1
131 677 49500 1
132 678 49500 1
133 679 49500 1
134 680 49500 1
135 681 49500 1
136 682 49500 1
137 683 49500 1
138 684 49500 1
139 685 49500 1
140 686 49500 1
141 687 49500 1
142 688 49500 1
143 689 49500 1
144 690 49500 1
145 691 49500 1
146 692 49500 1
147 693 49500 1
148 694 49500 1
149 695 49500 1
150 696 49500 1
151 697 49500 1
152 698 49500 1
153 699 49500 1
154 700 49500 1
155 701 49500 1
156 702 49500 1
157 703 49500 1
158 704 49500 1
159 705 49500 1
160 706 49500 1
161 707 49500 1
162 708 49500 1
163 709 49500 1
164 710 49500 1
165 711 49500 1
166 712 49500 1
167 713 49500 1
168 714 49500 1
169 715 49500 1
170 716 49500 1
171 717 49500 1
172 718 49500 1
173 719 49500 1
174 720 49500 1
175 721 49500 1
176 722 49500 1
177 723 49500 1
178 724 49500 1
179 725 49500 1
180 726 49500 1
181 727 49500 1
182 728 49500 1
183 729 49500 1
184 730 49500 1
185 731 49500 1
186 732 49500 1
187 733 49500 1
188 734 49500 1
189 735 49500 1
190 736 49500 1
191 737 49500 1
192 738 49500 1
193 739 49500 1
194 740 49500 1
195 741 49500 1
196 742 49500 1
197 743 49500 1
198 744 49500 1
199 745 49500 1
200 746 49500 1
201 747 49500 1
202 748 49500 1
203 749 49500 1
204 750 49500 1
205 751 49500 1
206 752 49500 1
207 753 49500 1
208 754 49500 1
209 755 49500 1
210 756 49500 1
211 757 49500 1
212 758 49500 1
213 759 49500 1
214 760 49500 1
215 761 49500 1
216 762 49500 1
217 763 49500 1
218 764 49500 1
219 765 49500 1
220 766 49500 1
221 767 49500 1
222 768 49500 1
223 769 49500 1
224 770 49500 1
225 771 49500 1
226 772 49500 1
227 773 49500 1
228 774 49500 1
229 775 49500 1
230 776 49500 1
231 777 49500 1
232 778 49500 1
233 779 49500 1
234 780 49500 1
235 781 49500 1
236 782 49500 1
237 783 49500 1
238 784 49500 1
239 785 49500 1
240 786 49500 1
241 787 49500 1
242 788 49500 1
243 789 49500 1
244 790 49500 1
245 791 49500 1
246 792 49500 1
247 793 49500 1
248 794 49500 1
249 795 49500 1
250 796 49500 1
251 797 49500 1
252 798 49500 1
253 799 49500 1
254 800 49500 1
255 801 49500 1
256 802 49500 1
257 803 49500 1
258 804 49500 1
259 805 49500 1
260 806 49500 1
261 807 49500 1
262 808 49500 1
263 809 49500 1
264 810 49500 1
265 811 49500 1
266 812 49500 1
267 813 49500 1
268 814 49500 1
269 815 49500 1
270 816 49500 1
271 817 49500 1
272 818 49500 1
273 819 49500 1
274 820 49500 1
275 821 49500 1
276 822 49500 1
277 823 49500 1
278 824 49500 1
279 825 49500 1
280 826 49500 1
281 827 49500 1
282 828 49500 1
283 829 49500 1
284 830 49500 1
285 831 49500 1
286 832 49500 1
287 833 49500 1
288 834 49500 1
289 835 49500 1
290 836 49500 1
291 837 49500 1
292 838 49500 1
293 839 49500 1
294 840 49500 1
295 841 49500 1
296 842 49500 1
297 843 49500 1
298 844 49500 1
299 845 49500 1
300 846 49500 1
301 847 49500 1
302 848 49500 1
303 849 49500 1
304 850 49500 1
305 851 49500 1
306 852 49500 1
307 853 49500 1
308 854 49500 1
309 855 49500 1
310 856 49500 1
311 857 49500 1
312 858 49500 1
313 859 49500 1
314 860 49500 1
315 861 49500 1
316 862 49500 1
317 863 49500 1
318 864 49500 1
319 865 49500 1
320 866 49500 1
321 867 49500 1
322 868 49500 1
323 869 49500 1
324 870 49500 1
325 871 49500 1
326 872 49500 1
327 873 49500 1
328 874 49500 1
329 875 49500 1
330 876 49500 1
331 877 49500 1
332 878 49500 1
333 879 49500 1
334 880 49500 1
335 881 49500 1
336 882 49500 1
337 883 49500 1
338 884 49500 1
339 885 49500 1
340 886 49500 1
341 887 49500 1
342 888 49500 1
343 889 49500 1
344 890 49500 1
345 891 49500 1
346 892 49500 1
347 893 49500 1
348 894 49500 1
349 895 49500 1
350 896 49500 1
351 897 49500 1
352 898 49500 1
353 899 49500 1
354 900 49500 1
355 901 49500 1
356 902 49500 1
357 903 49500 1
358 904 49500 1
359 905 49500 1
360 906 49500 1
361 907 49500 1
362 908 49500 1
363 909 49500 1
364 910 49500 1
365 911 49500 1
366 912 49500 1
367 913 49500 1
368 914 49500 1
369 915 49500 1
370 916 49500 1
371 917 49500 1
372 918 49500 1
373 919 49500 1
374 920 49500 1
375 921 49500 1
376 922 49500 1
377 923 49500 1
378 924 49500 1
379 925 49500 1
380 926 49500 1
381 927 49500 1
382 928 49500 1
383 929 49500 1
384 930 49500 1
385 931 49500 1
386 932 49500 1
387 389 3500 1109
387 390 3500 598
387 707 2000 290
387 801 2000 478
388 389 1000 434
388 800 2500 958
388 913 2500 396
389 387 3500 1109
389 388 1000 434
389 924 3500 693
390 387 3500 598
390 391 3500 422
390 708 3000 53
390 714 3000 636
391 390 3500 422
391 392 3500 254
391 712 1000 105
391 716 1000 298
392 391 3500 254
392 393 5000 342
392 711 3500 262
392 715 3500 187
393 392 5000 342
393 394 5000 242
393 583 500 497
393 600 500 175
394 393 5000 242
394 395 5000 365
394 583 3500 388
394 599 3500 136
395 394 5000 365
395 396 5000 211
396 395 5000 211
396 397 5000 236
396 587 3000 302
396 603 3000 128
397 396 5000 236
397 398 5000 72
397 399 6500 211
397 402 8000 306
398 397 5000 72
398 536 5000 428
398 603 7000 332
398 608 7000 88
399 397 6500 211
399 400 5000 409
399 586 500 88
399 608 500 672
400 399 5000 409
400 401 5000 169
400 584 6000 170
400 589 6000 181
401 400 5000 169
402 397 8000 306
402 403 6500 326
402 605 1500 284
402 610 1500 206
403 402 6500 326
403 404 5000 105
403 674 5500 314
403 679 5500 127
404 403 5000 105
404 405 5000 252
404 487 5000 101
405 404 5000 252
405 406 5000 331
405 676 3000 200
405 681 3000 245
406 405 5000 331
406 407 5000 325
406 686 6500 171
406 691 6500 247
407 406 5000 325
407 408 5000 217
407 688 2000 219
407 693 2000 211
408 407 5000 217
408 409 5000 393
408 537 5000 147
408 538 5000 286
409 408 5000 393
409 410 3500 272
409 689 2000 290
409 699 2000 109
410 409 3500 272
410 411 3500 273
410 684 6000 304
410 694 6000 104
411 410 3500 273
411 412 3500 261
412 411 3500 261
412 413 3500 262
412 729 4000 335
412 733 4000 65
413 412 3500 262
413 414 3500 409
413 730 3500 329
413 734 3500 54
414 413 3500 409
414 415 3500 567
414 726 3500 480
414 732 3500 301
415 414 3500 567
415 416 3500 515
415 725 2000 154
415 731 2000 528
416 415 3500 515
416 731 3500 984
416 912 3500 345
416 925 3500 629
417 418 5000 527
417 920 2000 386
417 921 2000 476
417 922 5000 898
418 417 5000 527
418 419 5000 447
418 738 1500 507
418 742 1500 144
419 418 5000 447
419 420 5000 329
419 750 3000 257
419 751 3000 168
420 419 5000 329
420 421 5000 353
420 752 2000 94
420 753 2000 286
421 420 5000 353
421 422 5000 311
421 761 1000 87
421 765 1000 361
422 421 5000 311
422 423 5000 343
422 763 1000 60
422 766 1000 408
423 422 5000 343
423 424 5000 331
423 772 1000 130
423 776 1000 372
424 423 5000 331
424 425 5000 171
424 774 2000 262
424 778 2000 148
425 424 5000 171
425 426 3500 111
425 440 5000 482
426 425 3500 111
426 427 3500 350
426 593 7000 143
426 778 7000 265
427 426 3500 350
427 428 3500 78
427 430 5000 104
428 427 3500 78
428 429 3500 63
428 592 6500 239
428 777 6500 277
429 428 3500 63
430 427 5000 104
430 431 5000 352
430 592 4000 127
430 596 4000 291
431 430 5000 352
431 432 5000 262
431 594 4500 316
431 598 4500 133
432 431 5000 262
432 433 5000 235
432 615 9500 340
432 616 9500 150
433 432 5000 235
433 434 5000 307
433 617 9000 412
433 618 9000 65
434 433 5000 307
434 435 5000 192
434 551 4500 89
434 553 4500 393
435 434 5000 192
435 436 5000 308
435 495 9000 102
436 435 5000 308
436 437 5000 413
436 553 4000 62
436 555 4000 718
437 436 5000 413
437 438 5000 240
437 534 6500 817
437 535 5000 211
437 539 3500 168
438 437 5000 240
438 439 5000 252
438 613 6000 272
438 614 6000 194
439 438 5000 252
439 440 5000 263
439 611 2000 264
439 612 2000 188
440 425 5000 482
440 439 5000 263
440 590 6000 319
440 595 6000 72
441 442 3500 359
441 897 500 649
441 898 500 278
441 928 3500 631
442 441 3500 359
442 443 3500 445
442 896 500 130
442 897 500 398
443 442 3500 445
443 444 3500 500
444 443 3500 500
444 445 3500 627
444 884 1000 637
444 885 1000 105
445 444 3500 627
445 446 3500 578
445 857 8500 241
445 858 8500 521
446 445 3500 578
446 447 3500 398
446 847 4000 559
446 848 4000 187
447 446 3500 398
447 448 5000 328
447 663 3500 278
447 664 3500 117
448 447 5000 328
448 449 5000 200
448 661 2000 291
448 662 2000 141
449 448 5000 200
449 450 5000 144
449 452 5000 455
449 507 5000 380
450 449 5000 144
450 451 5000 218
450 653 5000 181
450 654 5000 248
451 450 5000 218
451 524 5000 231
451 651 7000 217
451 653 7000 227
452 449 5000 455
452 453 3500 1027
452 649 500 282
452 840 500 148
453 452 3500 1027
453 454 3500 323
453 837 3000 193
453 839 3000 245
454 453 3500 323
454 455 3500 270
454 832 3000 270
454 834 3000 285
455 454 3500 270
455 456 3500 293
455 833 5500 200
455 835 5500 241
456 455 3500 293
456 457 3500 150
456 828 1000 365
456 830 1000 72
457 456 3500 150
457 458 5000 143
457 466 3500 517
457 467 3500 291
458 457 5000 143
458 459 3500 466
458 831 2000 127
458 844 2000 772
459 458 3500 466
459 460 3500 630
459 871 3500 586
459 874 3500 221
460 459 3500 630
460 461 3500 539
460 873 2000 235
460 876 2000 587
461 460 3500 539
461 872 1500 345
461 875 1500 434
461 926 3500 778
462 463 3500 390
462 927 3500 1596
463 462 3500 390
463 464 3500 721
463 882 2000 392
463 883 2000 318
464 463 3500 721
464 465 3500 574
464 861 3500 450
464 880 3500 248
465 464 3500 574
465 466 3500 533
465 854 5000 167
465 861 5000 540
466 457 3500 517
466 465 3500 533
466 844 2500 209
466 854 2500 588
467 457 3500 291
467 468 3500 292
467 828 2500 133
467 829 2500 285
468 467 3500 292
468 469 3500 273
468 818 3000 34
468 823 3000 401
469 468 3500 273
469 470 3500 412
469 816 1000 74
469 821 1000 336
470 469 3500 412
470 471 3500 292
470 814 3000 384
470 815 3000 61
471 470 3500 292
471 472 5000 175
471 812 3000 139
471 814 3000 222
472 471 5000 175
472 473 5000 323
472 474 5000 317
472 706 1000 438
472 812 1000 144
473 472 5000 323
473 537 5000 332
473 700 3500 173
473 705 3500 245
474 472 5000 317
474 475 5000 168
474 705 3500 308
474 706 3500 174
475 474 5000 168
475 476 5000 371
475 704 3500 202
475 706 3500 279
476 475 5000 371
476 477 6500 252
476 502 6500 88
476 503 6500 95
477 476 6500 252
477 478 6500 324
477 632 5500 191
477 702 5500 269
478 477 6500 324
478 479 6500 132
478 628 3000 212
478 692 3000 188
479 478 6500 132
479 480 5000 141
479 482 5000 168
479 483 5000 213
479 485 6500 202
480 479 5000 141
480 481 5000 54
480 482 6500 167
480 690 6500 242
481 480 5000 54
482 479 5000 168
482 480 6500 167
482 538 5000 333
482 692 6500 50
483 479 5000 213
483 484 5000 326
483 626 6000 198
483 628 6000 365
484 483 5000 326
484 488 5000 266
484 625 6500 168
484 627 6500 284
485 479 6500 202
485 534 6500 28
485 626 6500 222
485 690 6500 240
486 487 5000 265
486 534 6500 412
486 680 3000 136
486 681 3000 304
487 404 5000 101
487 486 5000 265
487 679 2500 297
487 681 2500 277
488 484 5000 266
488 489 6500 106
488 629 3500 268
488 630 3500 423
489 488 6500 106
489 490 6500 261
489 556 5000 359
489 630 5000 380
490 489 6500 261
490 491 6500 284
490 557 6500 320
490 558 6500 60
491 490 6500 284
491 492 6500 137
491 560 9000 309
491 561 9000 49
492 491 6500 137
492 493 6500 224
492 496 6500 194
492 561 14500 126
492 563 14500 137
493 492 6500 224
493 494 9000 281
493 560 10000 100
493 562 10000 233
494 493 9000 281
494 495 9000 256
494 550 7000 469
494 559 7000 94
495 435 9000 102
495 494 9000 256
495 552 6000 130
495 555 6000 371
496 492 6500 194
496 497 6500 66
497 496 6500 66
497 498 5000 134
497 532 6500 161
498 497 5000 134
498 499 5000 284
498 566 12500 156
498 568 12500 231
499 498 5000 284
499 500 5000 361
499 565 4500 182
499 569 4500 136
500 499 5000 361
500 501 5000 349
500 570 5500 249
500 635 5500 62
501 500 5000 349
501 502 6500 387
501 631 1500 167
501 633 1500 391
502 476 6500 88
502 501 6500 387
502 503 7000 52
502 632 7000 350
503 476 6500 95
503 502 7000 52
503 504 6500 351
503 634 7000 45
504 503 6500 351
504 505 6500 242
504 633 6000 148
504 638 6000 242
505 504 6500 242
505 506 5000 392
505 638 5000 180
505 643 5000 259
506 505 5000 392
506 507 5000 786
506 577 1500 809
506 645 1500 151
507 449 5000 380
507 506 5000 786
507 508 5000 241
508 507 5000 241
508 509 5000 324
508 658 5000 59
508 666 5000 505
509 508 5000 324
509 510 5000 30
509 657 4000 37
509 665 4000 408
510 509 5000 30
510 511 5000 221
510 520 5000 312
510 521 5000 470
511 510 5000 221
511 512 5000 373
511 660 2000 57
511 669 2000 748
512 511 5000 373
512 513 5000 531
512 901 3500 359
512 904 3500 911
513 512 5000 531
513 514 5000 443
513 902 3000 261
513 904 3000 1127
514 513 5000 443
514 515 5000 577
514 533 3500 161
514 543 3500 28
514 931 5000 593
515 514 5000 577
515 516 3500 607
515 902 6000 896
515 905 6000 162
516 515 3500 607
516 517 3500 664
516 907 2500 254
516 908 2500 438
517 516 3500 664
517 910 3500 526
517 911 3500 164
517 929 3500 932
518 519 5000 75
518 520 5000 272
518 667 2000 64
518 669 2000 314
519 518 5000 75
520 510 5000 312
520 518 5000 272
520 665 1500 55
520 669 1500 393
521 510 5000 470
521 522 5000 731
522 521 5000 731
522 529 5000 224
522 544 5000 12
523 524 5000 324
523 544 5000 442
523 577 5500 467
523 646 5500 158
524 451 5000 231
524 523 5000 324
524 651 5000 257
524 656 5000 250
525 526 3500 601
525 527 5000 984
525 540 3500 44
525 545 3500 323
526 525 3500 601
526 541 3500 65
526 542 3500 397
526 545 3500 424
527 525 5000 984
527 528 6500 143
527 572 4000 567
527 574 4000 88
528 527 6500 143
528 529 6500 204
528 530 6500 122
529 522 5000 224
529 528 6500 204
529 574 5000 274
529 576 5000 281
530 528 6500 122
530 531 6500 165
530 572 3500 342
530 573 3500 295
531 530 6500 165
531 532 6500 151
531 568 5000 295
531 573 5000 223
532 497 6500 161
532 531 6500 151
532 567 5000 126
532 568 5000 298
533 514 3500 161
533 542 3500 331
533 932 3500 596
534 437 6500 817
534 485 6500 28
534 486 6500 412
535 437 5000 211
535 536 5000 323
535 614 2000 152
536 398 5000 428
536 535 5000 323
536 607 5500 331
536 609 5500 81
537 408 5000 147
537 473 5000 332
537 698 8000 45
537 703 8000 418
538 408 5000 286
538 482 5000 333
538 693 5000 62
538 703 5000 488
539 437 3500 168
539 582 3000 56
539 621 3000 175
540 525 3500 44
540 581 2500 576
540 901 2500 802
541 526 3500 65
541 901 10500 421
541 902 10500 614
542 526 3500 397
542 533 3500 331
542 902 3500 140
543 514 3500 28
543 902 5000 539
543 903 5000 325
544 522 5000 12
544 523 5000 442
544 576 4000 361
544 579 4000 150
545 525 3500 323
545 526 3500 424
546 0 49500 1
546 547 3000 326
546 548 4500 488
546 620 5500 289
547 1 49500 1
547 546 3000 326
547 549 7000 581
547 551 3000 449
547 617 7500 352
548 2 49500 1
548 546 4500 488
548 549 5000 328
548 550 15500 421
549 3 49500 1
549 547 7000 581
549 548 5000 328
549 550 7000 518
549 551 2000 777
549 552 3500 392
549 559 3500 540
550 4 49500 1
550 494 7000 469
550 548 15500 421
550 549 7000 518
550 562 20000 308
551 5 49500 1
551 434 4500 89
551 547 3000 449
551 549 2000 777
551 552 8500 455
551 617 5000 434
551 618 9500 480
552 6 49500 1
552 495 6000 130
552 549 3500 392
552 551 8500 455
552 559 7500 397
553 7 49500 1
553 434 4500 393
553 436 4000 62
553 613 3500 504
553 618 2500 497
553 621 2000 579
553 624 7000 339
554 8 49500 1
554 555 7500 636
554 621 4500 488
554 623 5500 268
554 624 13500 158
555 9 49500 1
555 436 4000 718
555 495 6000 371
555 554 7500 636
555 556 6500 592
555 559 4500 563
555 623 1000 927
556 10 49500 1
556 489 5000 359
556 555 6500 592
556 557 5000 399
556 558 5500 564
556 623 2000 925
556 629 8500 375
557 11 49500 1
557 490 6500 320
557 556 5000 399
557 559 4000 403
557 560 10000 426
558 12 49500 1
558 490 6500 60
558 556 5500 564
558 561 12000 566
558 565 7500 458
558 630 5000 610
559 13 49500 1
559 494 7000 94
559 549 3500 540
559 552 7500 397
559 555 4500 563
559 557 4000 403
559 560 11000 438
560 14 49500 1
560 491 9000 309
560 493 10000 100
560 557 10000 426
560 559 11000 438
561 15 49500 1
561 491 9000 49
561 492 14500 126
561 558 12000 566
561 562 500 561
561 566 12000 321
562 16 49500 1
562 493 10000 233
562 550 20000 308
562 561 500 561
562 563 24000 214
563 17 49500 1
563 492 14500 137
563 562 24000 214
563 564 14000 216
564 18 49500 1
564 563 14000 216
564 567 12000 208
564 568 6500 655
565 19 49500 1
565 499 4500 182
565 558 7500 458
565 566 5000 543
565 630 2000 728
566 20 49500 1
566 498 12500 156
566 561 12000 321
566 565 5000 543
567 21 49500 1
567 532 5000 126
567 564 12000 208
567 573 17500 308
568 22 49500 1
568 498 12500 231
568 531 5000 295
568 532 5000 298
568 564 6500 655
568 569 9000 559
568 571 3500 790
568 572 6000 509
569 23 49500 1
569 499 4500 136
569 568 9000 559
569 570 3000 649
569 571 5500 531
570 24 49500 1
570 500 5500 249
570 569 3000 649
570 571 6000 579
570 630 2000 673
570 631 2500 776
570 633 2000 630
570 636 3500 449
571 25 49500 1
571 568 3500 790
571 569 5500 531
571 570 6000 579
571 572 6500 491
571 575 8500 420
571 636 2500 645
572 26 49500 1
572 527 4000 567
572 530 3500 342
572 568 6000 509
572 571 6500 491
572 576 6500 491
573 27 49500 1
573 530 3500 295
573 531 5000 223
573 567 17500 308
573 574 16000 487
574 28 49500 1
574 527 4000 88
574 529 5000 274
574 573 16000 487
574 579 4000 605
574 580 15000 412
575 29 49500 1
575 571 8500 420
575 576 2000 638
575 577 2000 634
575 636 4000 580
575 642 3000 353
576 30 49500 1
576 529 5000 281
576 544 4000 361
576 572 6500 491
576 575 2000 638
576 577 8000 463
577 31 49500 1
577 506 1500 809
577 523 5500 467
577 575 2000 634
577 576 8000 463
577 578 2000 728
577 579 2500 638
577 642 12000 379
577 644 6000 585
578 32 49500 1
578 577 2000 728
578 579 7500 425
578 581 1500 509
578 646 5500 352
578 655 3000 663
579 33 49500 1
579 544 4000 150
579 574 4000 605
579 577 2500 638
579 578 7500 425
579 580 1000 978
579 581 3500 648
580 34 49500 1
580 574 15000 412
580 579 1000 978
580 581 7500 680
581 35 49500 1
581 540 2500 576
581 578 1500 509
581 579 3500 648
581 580 7500 680
581 659 3500 588
582 36 49500 1
582 539 3000 56
583 37 49500 1
583 393 500 497
583 394 3500 388
583 585 4000 615
583 587 2500 606
583 604 1500 807
583 709 1000 572
583 711 2000 748
583 767 5000 1015
583 807 500 1064
584 38 49500 1
584 400 6000 170
584 585 3000 401
584 586 6000 463
584 770 3000 388
585 39 49500 1
585 583 4000 615
585 584 3000 401
585 587 5500 444
585 771 3000 383
586 40 49500 1
586 399 500 88
586 584 6000 463
586 587 6000 473
586 591 6500 537
586 603 3500 412
587 41 49500 1
587 396 3000 302
587 583 2500 606
587 585 5500 444
587 586 6000 473
588 42 49500 1
588 589 4500 448
588 590 5500 367
588 593 1500 418
588 774 2500 497
589 43 49500 1
589 400 6000 181
589 588 4500 448
589 591 10000 428
589 775 7500 476
590 44 49500 1
590 440 6000 319
590 588 5500 367
590 591 5500 461
590 607 3500 522
590 612 5000 378
591 45 49500 1
591 586 6500 537
591 589 10000 428
591 590 5500 461
591 607 4000 437
591 608 2500 504
592 46 49500 1
592 428 6500 239
592 430 4000 127
592 593 6500 454
592 594 3500 419
593 47 49500 1
593 426 7000 143
593 588 1500 418
593 592 6500 454
593 595 3000 463
594 48 49500 1
594 431 4500 316
594 592 3500 419
594 595 3500 409
594 611 1500 706
594 616 2000 467
595 49 49500 1
595 440 6000 72
595 593 3000 463
595 594 3500 409
595 611 3000 423
595 612 500 609
596 50 49500 1
596 430 4000 291
596 598 3500 453
596 777 500 1064
597 51 49500 1
597 598 6500 425
597 615 2500 451
597 619 3500 395
598 52 49500 1
598 431 4500 133
598 596 3500 453
598 597 6500 425
598 615 3000 588
598 616 1500 454
599 53 49500 1
599 394 3500 136
599 600 1500 374
599 601 6000 332
599 604 5000 366
600 54 49500 1
600 393 500 175
600 599 1500 374
600 602 1500 390
600 715 3000 517
601 55 49500 1
601 599 6000 332
601 602 4000 382
601 606 3000 453
601 670 3500 472
602 56 49500 1
602 600 1500 390
602 601 4000 382
602 671 2000 378
602 717 1000 399
603 57 49500 1
603 396 3000 128
603 398 7000 332
603 586 3500 412
603 604 3500 409
603 605 3500 371
604 58 49500 1
604 583 1500 807
604 599 5000 366
604 603 3500 409
604 606 2000 550
605 59 49500 1
605 402 1500 284
605 603 3500 371
605 606 3500 409
605 674 3500 640
606 60 49500 1
606 601 3000 453
606 604 2000 550
606 605 3500 409
606 675 500 687
607 61 49500 1
607 536 5500 331
607 590 3500 522
607 591 4000 437
607 608 6500 442
607 612 4500 430
608 62 49500 1
608 398 7000 88
608 399 500 672
608 591 2500 504
608 607 6500 442
608 610 3000 381
609 63 49500 1
609 536 5500 81
609 610 6500 373
609 614 8500 419
609 678 6500 476
610 64 49500 1
610 402 1500 206
610 608 3000 381
610 609 6500 373
610 679 4500 434
611 65 49500 1
611 439 2000 264
611 594 1500 706
611 595 3000 423
611 613 5500 426
611 616 5000 438
612 66 49500 1
612 439 2000 188
612 590 5000 378
612 595 500 609
612 607 4500 430
612 614 10000 361
613 67 49500 1
613 438 6000 272
613 553 3500 504
613 611 5500 426
613 618 3500 565
613 621 4000 606
614 68 49500 1
614 438 6000 194
614 535 2000 152
614 609 8500 419
614 612 10000 361
614 621 4000 503
615 69 49500 1
615 432 9500 340
615 597 2500 451
615 598 3000 588
615 617 6500 318
615 619 5500 379
616 70 49500 1
616 432 9500 150
616 594 2000 467
616 598 1500 454
616 611 5000 438
616 618 10500 336
617 71 49500 1
617 433 9000 412
617 547 7500 352
617 551 5000 434
617 615 6500 318
617 620 3500 388
618 72 49500 1
618 433 9000 65
618 551 9500 480
618 553 2500 497
618 613 3500 565
618 616 10500 336
619 73 49500 1
619 597 3500 395
619 615 5500 379
619 620 3000 261
620 74 49500 1
620 546 5500 289
620 617 3500 388
620 619 3000 261
621 75 49500 1
621 539 3000 175
621 553 2000 579
621 554 4500 488
621 613 4000 606
621 614 4000 503
621 622 3500 501
621 624 2500 480
622 76 49500 1
622 621 3500 501
622 623 6500 626
622 626 5500 483
622 680 4000 430
623 77 49500 1
623 554 5500 268
623 555 1000 927
623 556 2000 925
623 622 6500 626
623 625 9500 443
624 78 49500 1
624 553 7000 339
624 554 13500 158
624 621 2500 480
625 79 49500 1
625 484 6500 168
625 623 9500 443
625 626 13000 509
625 629 11000 432
626 80 49500 1
626 483 6000 198
626 485 6500 222
626 622 5500 483
626 625 13000 509
627 81 49500 1
627 484 6500 284
627 628 6000 478
627 630 6500 655
627 631 5000 499
628 82 49500 1
628 478 3000 212
628 483 6000 365
628 627 6000 478
628 632 6000 488
629 83 49500 1
629 488 3500 268
629 556 8500 375
629 625 11000 432
630 84 49500 1
630 488 3500 423
630 489 5000 380
630 558 5000 610
630 565 2000 728
630 570 2000 673
630 627 6500 655
630 635 6500 437
631 85 49500 1
631 501 1500 167
631 570 2500 776
631 627 5000 499
631 632 8000 453
631 635 2500 417
632 86 49500 1
632 477 5500 191
632 502 7000 350
632 628 6000 488
632 631 8000 453
633 87 49500 1
633 501 1500 391
633 504 6000 148
633 570 2000 630
633 634 3500 386
633 636 4500 542
634 88 49500 1
634 503 7000 45
634 633 3500 386
634 639 1000 364
634 704 5500 423
635 89 49500 1
635 500 5500 62
635 630 6500 437
635 631 2500 417
636 90 49500 1
636 570 3500 449
636 571 2500 645
636 575 4000 580
636 633 4500 542
636 643 5000 449
637 91 49500 1
637 639 1500 663
637 641 3000 544
637 706 2500 412
637 814 2000 572
637 824 1000 363
637 825 1500 480
638 92 49500 1
638 504 6000 242
638 505 5000 180
638 639 3000 351
638 640 8500 475
639 93 49500 1
639 634 1000 364
639 637 1500 663
639 638 3000 351
639 641 2000 438
640 94 49500 1
640 638 8500 475
640 641 6500 355
640 645 7000 390
640 647 500 468
641 95 49500 1
641 637 3000 544
641 639 2000 438
641 640 6500 355
641 648 2000 429
642 96 49500 1
642 575 3000 353
642 577 12000 379
642 643 8000 493
643 97 49500 1
643 505 5000 259
643 636 5000 449
643 642 8000 493
643 645 5500 523
644 98 49500 1
644 577 6000 585
644 645 6000 442
644 646 10000 397
644 651 10000 382
645 99 49500 1
645 506 1500 151
645 640 7000 390
645 643 5500 523
645 644 6000 442
645 652 4500 413
646 100 49500 1
646 523 5500 158
646 578 5500 352
646 644 10000 397
646 656 3500 363
647 101 49500 1
647 640 500 468
647 648 3000 448
647 649 3500 399
647 652 5000 395
648 102 49500 1
648 641 2000 429
648 647 3000 448
648 650 2000 390
648 824 1500 401
649 103 49500 1
649 452 500 282
649 647 3500 399
649 650 2500 434
649 654 3000 494
650 104 49500 1
650 648 2000 390
650 649 2500 434
650 826 1000 399
650 841 2000 450
651 105 49500 1
651 451 7000 217
651 524 5000 257
651 644 10000 382
651 652 4500 429
652 106 49500 1
652 645 4500 413
652 647 5000 395
652 651 4500 429
652 654 2500 480
653 107 49500 1
653 450 5000 181
653 451 7000 227
653 658 5500 480
653 661 5000 434
654 108 49500 1
654 450 5000 248
654 649 3000 494
654 652 2500 480
654 662 6000 438
655 109 49500 1
655 578 3000 663
655 656 7000 564
655 657 4000 475
655 659 3000 383
656 110 49500 1
656 524 5000 250
656 646 3500 363
656 655 7000 564
656 658 15000 522
657 111 49500 1
657 509 4000 37
657 655 4000 475
657 658 5500 556
657 660 6000 363
658 112 49500 1
658 508 5000 59
658 653 5500 480
658 656 15000 522
658 657 5500 556
659 113 49500 1
659 581 3500 588
659 655 3000 383
659 660 5000 461
659 901 4500 604
660 114 49500 1
660 511 2000 57
660 657 6000 363
660 659 5000 461
660 901 3500 795
661 115 49500 1
661 448 2000 291
661 653 5000 434
661 663 4500 379
661 666 2500 539
662 116 49500 1
662 448 2000 141
662 654 6000 438
662 664 2000 429
662 840 3500 416
663 117 49500 1
663 447 3500 278
663 661 4500 379
663 668 5500 384
663 848 5500 588
664 118 49500 1
664 447 3500 117
664 662 2000 429
664 842 2000 373
664 848 1000 648
665 119 49500 1
665 509 4000 408
665 520 1500 55
665 666 2000 468
665 667 3000 418
666 120 49500 1
666 508 5000 505
666 661 2500 539
666 665 2000 468
666 668 7000 432
667 121 49500 1
667 518 2000 64
667 665 3000 418
667 668 3500 475
667 849 4500 384
668 122 49500 1
668 663 5500 384
668 666 7000 432
668 667 3500 475
668 850 5500 462
669 123 49500 1
669 511 2000 748
669 518 2000 314
669 520 1500 393
669 853 500 1031
669 901 500 1036
669 904 1000 1000
670 124 49500 1
670 601 3500 472
670 671 2500 366
670 672 4500 399
670 675 3000 391
671 125 49500 1
671 602 2000 378
671 670 2500 366
671 673 2000 399
671 721 1000 358
672 126 49500 1
672 670 4500 399
672 673 3500 383
672 677 4000 366
672 682 3000 426
673 127 49500 1
673 671 2000 399
673 672 3500 383
673 683 1500 429
673 723 2000 450
674 128 49500 1
674 403 5500 314
674 605 3500 640
674 675 5500 432
674 676 4500 400
675 129 49500 1
675 606 500 687
675 670 3000 391
675 674 5500 432
675 677 3500 409
676 130 49500 1
676 405 3000 200
676 674 4500 400
676 677 5500 453
676 686 8000 437
677 131 49500 1
677 672 4000 366
677 675 3500 409
677 676 5500 453
677 687 7500 418
678 132 49500 1
678 609 6500 476
678 679 3500 340
678 680 4000 469
679 133 49500 1
679 403 5500 127
679 487 2500 297
679 610 4500 434
679 678 3500 340
680 134 49500 1
680 486 3000 136
680 622 4000 430
680 678 4000 469
680 690 12000 400
681 135 49500 1
681 405 3000 245
681 486 3000 304
681 487 2500 277
681 691 8000 400
682 136 49500 1
682 672 3000 426
682 683 2500 450
682 684 4000 373
682 687 3500 419
683 137 49500 1
683 673 1500 429
683 682 2500 450
683 727 3500 391
684 138 49500 1
684 410 6000 304
684 682 4000 373
684 685 1500 350
684 689 4000 382
685 139 49500 1
685 684 1500 350
685 729 1000 391
686 140 49500 1
686 406 6500 171
686 676 8000 437
686 687 6500 442
686 688 7000 501
687 141 49500 1
687 677 7500 418
687 682 3500 419
687 686 6500 442
687 689 5000 532
688 142 49500 1
688 407 2000 219
688 686 7000 501
688 689 3500 400
688 698 1500 483
689 143 49500 1
689 409 2000 290
689 684 4000 382
689 687 5000 532
689 688 3500 400
690 144 49500 1
690 480 6500 242
690 485 6500 240
690 680 12000 400
690 691 8000 422
691 145 49500 1
691 406 6500 247
691 681 8000 400
691 690 8000 422
691 693 5500 517
692 146 49500 1
692 478 3000 188
692 482 6500 50
692 693 4500 428
692 702 2000 513
693 147 49500 1
693 407 2000 211
693 538 5000 62
693 691 5500 517
693 692 4500 428
694 148 49500 1
694 410 6000 104
694 695 8500 399
694 696 4500 463
694 699 10500 550
695 149 49500 1
695 694 8500 399
695 697 5000 430
695 733 1500 420
696 150 49500 1
696 694 4500 463
696 697 4000 395
696 701 5500 397
696 808 2500 395
697 151 49500 1
697 695 5000 430
697 696 4000 395
697 735 4500 432
697 809 2000 467
698 152 49500 1
698 537 8000 45
698 688 1500 483
698 699 5000 409
698 700 5000 366
699 153 49500 1
699 409 2000 109
699 694 10500 550
699 698 5000 409
699 701 4500 509
700 154 49500 1
700 473 3500 173
700 698 5000 366
700 701 2500 344
700 812 2000 443
701 155 49500 1
701 696 5500 397
701 699 4500 509
701 700 2500 344
701 813 3500 455
702 156 49500 1
702 477 5500 269
702 692 2000 513
702 703 7500 429
702 704 3500 418
703 157 49500 1
703 537 8000 418
703 538 5000 488
703 702 7500 429
703 705 8500 455
704 158 49500 1
704 475 3500 202
704 634 5500 423
704 702 3500 418
704 705 5000 413
705 159 49500 1
705 473 3500 245
705 474 3500 308
705 703 8500 455
705 704 5000 413
706 160 49500 1
706 472 1000 438
706 474 3500 174
706 475 3500 279
706 637 2500 412
707 161 49500 1
707 387 2000 290
707 708 3000 696
707 713 4000 699
707 912 3000 2004
708 162 49500 1
708 390 3000 53
708 707 3000 696
708 710 1000 549
708 712 2500 592
708 802 2500 769
709 163 49500 1
709 583 1000 572
709 711 3000 511
709 805 2500 352
710 164 49500 1
710 708 1000 549
710 712 1000 409
710 806 2500 319
711 165 49500 1
711 392 3500 262
711 583 2000 748
711 709 3000 511
711 712 1000 428
712 166 49500 1
712 391 1000 105
712 708 2500 592
712 710 1000 409
712 711 1000 428
712 715 2000 677
713 167 49500 1
713 707 4000 699
713 714 4500 666
713 719 3500 695
713 912 3500 1361
714 168 49500 1
714 390 3000 636
714 713 4500 666
714 716 2500 536
714 718 1500 528
714 720 2500 662
715 169 49500 1
715 392 3500 187
715 600 3000 517
715 712 2000 677
715 716 4000 409
715 717 7000 445
716 170 49500 1
716 391 1000 298
716 714 2500 536
716 715 4000 409
716 718 1500 390
717 171 49500 1
717 602 1000 399
717 715 7000 445
717 718 1000 373
717 721 2500 379
718 172 49500 1
718 714 1500 528
718 716 1500 390
718 717 1000 373
718 722 2000 395
719 173 49500 1
719 713 3500 695
719 720 4000 658
719 725 3000 707
719 912 3000 925
720 174 49500 1
720 714 2500 662
720 719 4000 658
720 722 1000 541
720 724 2500 550
720 726 3000 703
721 175 49500 1
721 671 1000 358
721 717 2500 379
721 722 2000 428
721 723 1000 400
722 176 49500 1
722 718 2000 395
722 720 1000 541
722 721 2000 428
722 724 2000 408
723 177 49500 1
723 673 2000 450
723 721 1000 400
723 724 3000 400
723 727 4500 374
724 178 49500 1
724 720 2500 550
724 722 2000 408
724 723 3000 400
724 728 4500 438
725 179 49500 1
725 415 2000 154
725 719 3000 707
725 726 4000 674
725 912 4000 938
726 180 49500 1
726 414 3500 480
726 720 3000 703
726 725 4000 674
726 728 1000 571
726 730 2000 526
727 181 49500 1
727 683 3500 391
727 723 4500 374
727 728 5000 400
727 729 3500 418
728 182 49500 1
728 724 4500 438
728 726 1000 571
728 727 5000 400
728 730 4000 430
729 183 49500 1
729 412 4000 335
729 685 1000 391
729 727 3500 418
729 730 3000 449
730 184 49500 1
730 413 3500 329
730 726 2000 526
730 728 4000 430
730 729 3000 449
731 185 49500 1
731 415 2000 528
731 416 3500 984
731 732 3000 682
731 863 4000 794
732 186 49500 1
732 414 3500 301
732 731 3000 682
732 734 1000 596
732 736 2500 590
732 864 5000 695
733 187 49500 1
733 412 4000 65
733 695 1500 420
733 734 4500 391
733 735 5000 488
734 188 49500 1
734 413 3500 54
734 732 1000 596
734 733 4500 391
734 736 3000 519
735 189 49500 1
735 697 4500 432
735 733 5000 488
735 736 6500 467
735 865 3500 666
736 190 49500 1
736 732 2500 590
736 734 3000 519
736 735 6500 467
736 865 2000 536
737 191 49500 1
737 739 1000 428
737 741 2000 538
737 745 1500 861
737 783 1500 352
737 919 1500 824
738 192 49500 1
738 418 1500 507
738 739 2000 411
738 740 2000 338
738 920 2000 584
739 193 49500 1
739 737 1000 428
739 738 2000 411
739 741 1500 399
739 919 2000 759
740 194 49500 1
740 738 2000 338
740 741 500 407
740 742 1000 677
740 746 2500 380
741 195 49500 1
741 737 2000 538
741 739 1500 399
741 740 500 407
741 747 2500 374
742 196 49500 1
742 418 1500 144
742 740 1000 677
742 743 2500 711
742 744 2000 762
742 750 3000 611
742 751 1500 651
742 920 2500 894
742 921 1000 971
743 197 49500 1
743 742 2500 711
743 744 6000 379
743 921 1500 624
744 198 49500 1
744 742 2000 762
744 743 6000 379
744 754 4000 475
745 199 49500 1
745 737 1500 861
745 747 2000 466
745 749 2000 484
745 756 4000 709
745 791 1000 398
746 200 49500 1
746 740 2500 380
746 747 3000 451
746 748 2000 385
746 751 2500 447
747 201 49500 1
747 741 2500 374
747 745 2000 466
747 746 3000 451
747 749 4500 492
748 202 49500 1
748 746 2000 385
748 749 2000 532
748 753 3500 409
748 757 3000 365
749 203 49500 1
749 745 2000 484
749 747 4500 492
749 748 2000 532
749 758 1000 409
750 204 49500 1
750 419 3000 257
750 742 3000 611
750 752 8000 436
750 754 3000 487
751 205 49500 1
751 419 3000 168
751 742 1500 651
751 746 2500 447
751 753 2000 369
752 206 49500 1
752 420 2000 94
752 750 8000 436
752 755 4500 466
752 761 3500 345
753 207 49500 1
753 420 2000 286
753 748 3500 409
753 751 2000 369
753 762 1000 386
754 208 49500 1
754 744 4000 475
754 750 3000 487
754 755 9000 451
755 209 49500 1
755 752 4500 466
755 754 9000 451
755 765 6500 483
756 210 49500 1
756 745 4000 709
756 758 1500 443
756 760 3000 470
756 767 2000 748
756 799 3000 371
757 211 49500 1
757 748 3000 365
757 758 500 387
757 759 2000 387
757 762 5500 407
758 212 49500 1
758 749 1000 409
758 756 1500 443
758 757 500 387
758 760 2000 359
759 213 49500 1
759 757 2000 387
759 760 2500 363
759 764 6000 463
759 768 1000 360
760 214 49500 1
760 756 3000 470
760 758 2000 359
760 759 2500 363
760 769 1500 382
761 215 49500 1
761 421 1000 87
761 752 3500 345
761 762 2500 419
761 763 500 448
762 216 49500 1
762 753 1000 386
762 757 5500 407
762 761 2500 419
762 764 4500 470
763 217 49500 1
763 422 1000 60
763 761 500 448
763 764 3500 425
763 772 3000 413
764 218 49500 1
764 759 6000 463
764 762 4500 470
764 763 3500 425
764 773 6000 401
765 219 49500 1
765 421 1000 361
765 755 6500 483
765 766 3500 366
766 220 49500 1
766 422 1000 408
766 765 3500 366
766 776 6000 458
767 221 49500 1
767 583 5000 1015
767 756 2000 748
767 769 1500 633
767 771 1500 519
767 807 4500 359
768 222 49500 1
768 759 1000 360
768 769 2500 379
768 770 2000 454
768 773 1000 521
769 223 49500 1
769 760 1500 382
769 767 1500 633
769 768 2500 379
769 771 5500 405
770 224 49500 1
770 584 3000 388
770 768 2000 454
770 771 5000 394
770 775 2500 390
771 225 49500 1
771 585 3000 383
771 767 1500 519
771 769 5500 405
771 770 5000 394
772 226 49500 1
772 423 1000 130
772 763 3000 413
772 773 4000 405
772 774 2000 338
773 227 49500 1
773 764 6000 401
773 768 1000 521
773 772 4000 405
773 775 3000 401
774 228 49500 1
774 424 2000 262
774 588 2500 497
774 772 2000 338
774 775 2500 381
775 229 49500 1
775 589 7500 476
775 770 2500 390
775 773 3000 401
775 774 2500 381
776 230 49500 1
776 423 1000 372
776 766 6000 458
776 777 3000 466
776 778 2500 378
777 231 49500 1
777 428 6500 277
777 596 500 1064
777 776 3000 466
777 778 4000 518
778 232 49500 1
778 424 2000 148
778 426 7000 265
778 776 2500 378
778 777 4000 518
779 233 49500 1
779 780 3500 709
779 784 2500 853
779 913 2000 1352
779 915 500 793
780 234 49500 1
780 779 3500 709
780 781 3000 676
780 785 2500 676
780 916 1000 744
781 235 49500 1
781 780 3000 676
781 782 3000 702
781 786 3500 712
781 916 3000 824
781 917 500 950
782 236 49500 1
782 781 3000 702
782 783 3500 494
782 787 1500 553
782 788 1000 568
782 917 500 998
782 918 1500 900
783 237 49500 1
783 737 1500 352
783 782 3500 494
783 791 1000 773
783 918 2500 735
784 238 49500 1
784 779 2500 853
784 785 4000 703
784 792 4000 696
784 913 2500 924
785 239 49500 1
785 780 2500 676
785 784 4000 703
785 786 1500 696
785 793 3000 689
786 240 49500 1
786 781 3500 712
786 785 1500 696
786 788 500 603
786 790 500 574
786 794 4500 703
787 241 49500 1
787 782 1500 553
787 788 2000 438
787 789 1500 338
787 791 2000 350
788 242 49500 1
788 782 1000 568
788 786 500 603
788 787 2000 438
788 790 1500 345
789 243 49500 1
789 787 1500 338
789 790 2000 462
789 791 2500 342
789 795 2000 398
790 244 49500 1
790 786 500 574
790 788 1500 345
790 789 2000 462
790 796 1500 365
791 245 49500 1
791 745 1000 398
791 783 1000 773
791 787 2000 350
791 789 2500 342
791 799 500 799
792 246 49500 1
792 784 4000 696
792 793 3500 696
792 800 3000 703
792 913 2000 869
793 247 49500 1
793 785 3000 689
793 792 3500 696
793 794 4000 703
793 801 3000 741
794 248 49500 1
794 786 4500 703
794 793 4000 703
794 796 1500 580
794 798 2500 571
794 802 2500 733
795 249 49500 1
795 789 2000 398
795 796 1000 358
795 797 1000 438
795 799 500 331
796 250 49500 1
796 790 1500 365
796 794 1500 580
796 795 1000 358
796 798 1000 365
797 251 49500 1
797 795 1000 438
797 798 2000 366
797 799 1000 346
797 803 3000 448
798 252 49500 1
798 794 2500 571
798 796 1000 365
798 797 2000 366
798 804 6000 360
799 253 49500 1
799 756 3000 371
799 791 500 799
799 795 500 331
799 797 1000 346
799 807 500 1239
800 254 49500 1
800 388 2500 958
800 792 3000 703
800 801 2000 709
800 912 3500 2492
801 255 49500 1
801 387 2000 478
801 793 3000 741
801 800 2000 709
801 802 2500 696
802 256 49500 1
802 708 2500 769
802 794 2500 733
802 801 2500 696
802 804 1000 590
802 806 1000 574
803 257 49500 1
803 797 3000 448
803 804 4500 360
803 805 2000 380
803 807 2500 344
804 258 49500 1
804 798 6000 360
804 802 1000 590
804 803 4500 360
804 806 2000 381
805 259 49500 1
805 709 2500 352
805 803 2000 380
805 806 2000 586
805 807 1500 362
806 260 49500 1
806 710 2500 319
806 802 1000 574
806 804 2000 381
806 805 2000 586
807 261 49500 1
807 583 500 1064
807 767 4500 359
807 799 500 1239
807 803 2500 344
807 805 1500 362
808 262 49500 1
808 696 2500 395
808 809 1000 417
808 810 2500 395
808 813 2500 371
809 263 49500 1
809 697 2000 467
809 808 1000 417
809 811 3500 401
809 865 2500 649
810 264 49500 1
810 808 2500 395
810 811 2500 384
810 815 3000 381
810 816 2500 387
811 265 49500 1
811 809 3500 401
811 810 2500 384
811 817 2000 389
811 865 1000 647
812 266 49500 1
812 471 3000 139
812 472 1000 144
812 700 2000 443
812 813 6000 376
813 267 49500 1
813 701 3500 455
813 808 2500 371
813 812 6000 376
813 815 2500 395
814 268 49500 1
814 470 3000 384
814 471 3000 222
814 637 2000 572
814 820 2500 358
815 269 49500 1
815 470 3000 61
815 810 3000 381
815 813 2500 395
815 821 2500 390
816 270 49500 1
816 469 1000 74
816 810 2500 387
816 817 3500 412
816 818 3500 351
817 271 49500 1
817 811 2000 389
817 816 3500 412
817 819 1500 426
817 868 1500 633
818 272 49500 1
818 468 3000 34
818 816 3500 351
818 819 1500 352
818 828 3000 379
819 273 49500 1
819 817 1500 426
819 818 1500 352
819 829 500 475
819 868 1500 566
820 274 49500 1
820 814 2500 358
820 821 2000 395
820 822 4000 373
820 825 2500 438
821 275 49500 1
821 469 1000 336
821 815 2500 390
821 820 2000 395
821 823 2000 395
822 276 49500 1
822 820 4000 373
822 823 2000 395
822 827 3000 384
822 832 3000 411
823 277 49500 1
823 468 3000 401
823 821 2000 395
823 822 2000 395
823 833 9000 501
824 278 49500 1
824 637 1000 363
824 648 1500 401
824 825 2000 368
824 826 1000 434
825 279 49500 1
825 637 1500 480
825 820 2500 438
825 824 2000 368
825 827 2000 394
826 280 49500 1
826 650 1000 399
826 824 1000 434
826 827 2000 399
826 836 2500 384
827 281 49500 1
827 822 3000 384
827 825 2000 394
827 826 2000 399
827 837 500 363
828 282 49500 1
828 456 1000 365
828 467 2500 133
828 818 3000 379
828 833 7500 531
829 283 49500 1
829 467 2500 285
829 819 500 475
829 831 500 411
829 871 3000 596
830 284 49500 1
830 456 1000 72
830 835 1000 368
830 844 1000 597
831 285 49500 1
831 458 2000 127
831 829 500 411
831 871 2000 629
832 286 49500 1
832 454 3000 270
832 822 3000 411
832 833 10500 488
832 837 2000 451
833 287 49500 1
833 455 5500 200
833 823 9000 501
833 828 7500 531
833 832 10500 488
834 288 49500 1
834 454 3000 285
834 835 6000 373
834 839 3500 385
834 845 1500 696
835 289 49500 1
835 455 5500 241
835 830 1000 368
835 834 6000 373
835 845 2500 634
836 290 49500 1
836 826 2500 384
836 837 3000 379
836 838 2500 494
836 841 2000 361
837 291 49500 1
837 453 3000 193
837 827 500 363
837 832 2000 451
837 836 3000 379
838 292 49500 1
838 836 2500 494
838 839 2000 390
838 843 1500 395
838 846 2000 638
839 293 49500 1
839 453 3000 245
839 834 3500 385
839 838 2000 390
839 846 2500 640
840 294 49500 1
840 452 500 148
840 662 3500 416
840 841 3500 390
840 842 500 418
841 295 49500 1
841 650 2000 450
841 836 2000 361
841 840 3500 390
841 843 1500 390
842 296 49500 1
842 664 2000 373
842 840 500 418
842 843 3000 425
842 847 2000 645
843 297 49500 1
843 838 1500 395
843 841 1500 390
843 842 3000 425
843 847 3500 600
844 298 49500 1
844 458 2000 772
844 466 2500 209
844 830 1000 597
844 845 2500 786
844 874 3000 714
845 299 49500 1
845 834 1500 696
845 835 2500 634
845 844 2500 786
845 846 3500 767
845 855 1500 752
846 300 49500 1
846 838 2000 638
846 839 2500 640
846 845 3500 767
846 847 5000 762
846 856 3500 828
847 301 49500 1
847 446 4000 559
847 842 2000 645
847 843 3500 600
847 846 5000 762
847 857 3000 725
848 302 49500 1
848 446 4000 187
848 663 5500 588
848 664 1000 648
848 850 2000 713
848 852 2500 645
848 858 5500 736
849 303 49500 1
849 667 4500 384
849 850 3500 480
849 851 2500 367
849 853 2500 338
850 304 49500 1
850 668 5500 462
850 848 2000 713
850 849 3500 480
850 852 1500 411
851 305 49500 1
851 849 2500 367
851 852 2000 349
851 853 500 385
851 859 2000 608
852 306 49500 1
852 848 2500 645
852 850 1500 411
852 851 2000 349
852 859 2500 577
853 307 49500 1
853 669 500 1031
853 849 2500 338
853 851 500 385
853 860 500 902
853 904 1000 833
853 906 3500 597
854 308 49500 1
854 465 5000 167
854 466 2500 588
854 855 4000 741
854 877 2500 799
855 309 49500 1
855 845 1500 752
855 854 4000 741
855 856 3000 762
855 862 2000 707
856 310 49500 1
856 846 3500 828
856 855 3000 762
856 857 3000 746
856 884 3500 739
857 311 49500 1
857 445 8500 241
857 847 3000 725
857 856 3000 746
857 885 5000 767
858 312 49500 1
858 445 8500 521
858 848 5500 736
858 859 4000 817
858 886 4000 921
859 313 49500 1
859 851 2000 608
859 852 2500 577
859 858 4000 817
859 860 2500 469
859 887 3500 833
860 314 49500 1
860 853 500 902
860 859 2500 469
860 887 4000 906
860 906 1500 657
860 909 1500 961
861 315 49500 1
861 464 3500 450
861 465 5000 540
861 862 1000 847
861 888 500 750
862 316 49500 1
862 855 2000 707
862 861 1000 847
862 884 500 705
862 889 3000 898
863 317 49500 1
863 731 4000 794
863 864 4500 674
863 866 1500 861
863 912 2500 2335
864 318 49500 1
864 732 5000 695
864 863 4500 674
864 865 1000 702
864 867 500 1232
865 319 49500 1
865 735 3500 666
865 736 2000 536
865 809 2500 649
865 811 1000 647
865 864 1000 702
865 867 1500 1037
865 868 2500 823
866 320 49500 1
866 863 1500 861
866 867 3500 739
866 869 1500 687
867 321 49500 1
867 864 500 1232
867 865 1500 1037
867 866 3500 739
867 868 2000 702
867 870 2500 828
868 322 49500 1
868 817 1500 633
868 819 1500 566
868 865 2500 823
868 867 2000 702
868 871 2500 796
869 323 49500 1
869 866 1500 687
869 870 5500 778
870 324 49500 1
870 867 2500 828
870 869 5500 778
870 871 2000 694
870 873 2500 787
871 325 49500 1
871 459 3500 586
871 829 3000 596
871 831 2000 629
871 868 2500 796
871 870 2000 694
872 326 49500 1
872 461 1500 345
872 873 2000 770
873 327 49500 1
873 460 2000 235
873 870 2500 787
873 872 2000 770
873 874 4000 681
874 328 49500 1
874 459 3500 221
874 844 3000 714
874 873 4000 681
874 877 1000 817
875 329 49500 1
875 461 1500 434
875 876 1500 771
875 878 1000 811
876 330 49500 1
876 460 2000 587
876 875 1500 771
876 877 1000 762
876 879 2000 779
877 331 49500 1
877 854 2500 799
877 874 1000 817
877 876 1000 762
877 880 4500 794
878 332 49500 1
878 875 1000 811
878 879 500 778
878 881 1000 787
879 333 49500 1
879 876 2000 779
879 878 500 778
879 880 2500 780
879 882 1000 701
880 334 49500 1
880 464 3500 248
880 877 4500 794
880 879 2500 780
880 883 3000 709
881 335 49500 1
881 878 1000 787
881 882 1000 770
882 336 49500 1
882 463 2000 392
882 879 1000 701
882 881 1000 770
883 337 49500 1
883 463 2000 318
883 880 3000 709
883 888 1500 786
884 338 49500 1
884 444 1000 637
884 856 3500 739
884 862 500 705
884 891 500 830
885 339 49500 1
885 444 1000 105
885 857 5000 767
885 886 500 684
885 891 1000 680
886 340 49500 1
886 858 4000 921
886 885 500 684
886 887 1500 789
886 892 500 687
887 341 49500 1
887 859 3500 833
887 860 4000 906
887 886 1500 789
887 893 1000 694
887 909 2000 751
888 342 49500 1
888 861 500 750
888 883 1500 786
888 894 500 859
889 343 49500 1
889 862 3000 898
889 890 1000 752
889 895 2000 826
890 344 49500 1
890 889 1000 752
890 895 500 886
890 896 1500 563
890 898 1000 718
891 345 49500 1
891 884 500 830
891 885 1000 680
891 896 1000 505
892 346 49500 1
892 886 500 687
892 893 2000 782
892 897 2000 748
892 900 500 1138
893 347 49500 1
893 887 1000 694
893 892 2000 782
893 909 500 1063
894 348 49500 1
894 888 500 859
894 895 500 751
895 349 49500 1
895 889 2000 826
895 890 500 886
895 894 500 751
895 898 500 923
896 350 49500 1
896 442 500 130
896 890 1500 563
896 891 1000 505
896 898 500 660
897 351 49500 1
897 441 500 649
897 442 500 398
897 892 2000 748
897 899 1500 560
898 352 49500 1
898 441 500 278
898 890 1000 718
898 895 500 923
898 896 500 660
899 353 49500 1
899 897 1500 560
899 900 500 789
900 354 49500 1
900 892 500 1138
900 899 500 789
901 355 49500 1
901 512 3500 359
901 540 2500 802
901 541 10500 421
901 659 4500 604
901 660 3500 795
901 669 500 1036
902 356 49500 1
902 513 3000 261
902 515 6000 896
902 541 10500 614
902 542 3500 140
902 543 5000 539
903 357 49500 1
903 543 5000 325
903 905 4500 814
904 358 49500 1
904 512 3500 911
904 513 3000 1127
904 669 1000 1000
904 853 1000 833
904 905 3000 968
904 906 5000 710
905 359 49500 1
905 515 6000 162
905 903 4500 814
905 904 3000 968
905 907 3500 763
905 908 1500 1148
905 930 500 1478
906 360 49500 1
906 853 3500 597
906 860 1500 657
906 904 5000 710
906 907 3000 776
906 909 2500 1106
907 361 49500 1
907 516 2500 254
907 905 3500 763
907 906 3000 776
907 910 2500 1142
907 911 1500 1232
908 362 49500 1
908 516 2500 438
908 905 1500 1148
908 911 1500 983
909 363 49500 1
909 860 1500 961
909 887 2000 751
909 893 500 1063
909 906 2500 1106
909 910 4500 703
910 364 49500 1
910 517 3500 526
910 907 2500 1142
910 909 4500 703
911 365 49500 1
911 517 3500 164
911 907 1500 1232
911 908 1500 983
912 366 49500 1
912 416 3500 345
912 707 3000 2004
912 713 3500 1361
912 719 3000 925
912 725 4000 938
912 800 3500 2492
912 863 2500 2335
913 367 49500 1
913 388 2500 396
913 779 2000 1352
913 784 2500 924
913 792 2000 869
913 914 500 2186
914 368 49500 1
914 913 500 2186
914 915 500 784
915 369 49500 1
915 779 500 793
915 914 500 784
915 916 1000 764
916 370 49500 1
916 780 1000 744
916 781 3000 824
916 915 1000 764
916 917 500 814
917 371 49500 1
917 781 500 950
917 782 500 998
917 916 500 814
917 918 1500 789
918 372 49500 1
918 782 1500 900
918 783 2500 735
918 917 1500 789
918 919 3000 688
918 923 1000 1018
919 373 49500 1
919 737 1500 824
919 739 2000 759
919 918 3000 688
919 920 1500 714
920 374 49500 1
920 417 2000 386
920 738 2000 584
920 742 2500 894
920 919 1500 714
921 375 49500 1
921 417 2000 476
921 742 1000 971
921 743 1500 624
922 376 49500 1
922 417 5000 898
923 377 49500 1
923 918 1000 1018
924 378 49500 1
924 389 3500 693
925 379 49500 1
925 416 3500 629
926 380 49500 1
926 461 3500 778
927 381 49500 1
927 462 3500 1596
928 382 49500 1
928 441 3500 631
929 383 49500 1
929 517 3500 932
930 384 49500 1
930 905 500 1478
931 385 49500 1
931 514 5000 593
932 386 49500 1
932 533 3500 596
